   6.0000000e+00   3.4109180e-01  -4.5289375e+00
   5.0000000e+00   4.4413086e-01  -5.4968125e+00
   4.0000000e+00   2.3100195e-01  -2.8867500e+00
   7.0000000e+00   2.0027539e-01  -3.5343750e+00
   3.0000000e+00   2.9193555e-01  -4.3520625e+00
   6.0000000e+00   2.1278516e-01  -3.7213750e+00
   3.0000000e+00   2.0337891e-01  -3.3363125e+00
   1.0000000e+00   1.2304297e-01  -7.0787500e-01
   0.0000000e+00   2.8954102e-01  -4.6441250e+00
   1.0000000e+00   1.1385937e-01  -9.3137500e-01
   7.0000000e+00   2.5326172e-01  -5.5329375e+00
   0.0000000e+00   3.3150781e-01  -1.9401875e+00
   1.0000000e+00   1.1537109e-01  -3.8600000e-01
   1.0000000e+00   1.0228125e-01  -3.7881250e-01
   7.0000000e+00   1.5481055e-01  -3.2947500e+00
   7.0000000e+00   1.8846094e-01  -3.2020000e+00
   4.0000000e+00   2.0914258e-01  -3.7957500e+00
   8.0000000e+00   4.4066992e-01  -4.3504375e+00
   0.0000000e+00   4.1480664e-01  -3.7495625e+00
   1.0000000e+00   1.4204297e-01  -1.8194375e+00
   4.0000000e+00   2.0682227e-01  -2.3172500e+00
   8.0000000e+00   2.7822461e-01  -4.0888125e+00
   7.0000000e+00   1.9740234e-01  -4.1390000e+00
   4.0000000e+00   2.1369531e-01  -4.2045625e+00
   8.0000000e+00   2.8741406e-01  -4.3654375e+00
   7.0000000e+00   1.5986133e-01  -3.2423125e+00
   3.0000000e+00   2.8341602e-01  -4.0206875e+00
   7.0000000e+00   1.9057617e-01  -3.8760000e+00
   4.0000000e+00   2.1297852e-01  -4.4933750e+00
   1.0000000e+00   1.4896484e-01  -9.7493750e-01
   3.0000000e+00   2.9260352e-01  -4.7495000e+00
   6.0000000e+00   2.0930078e-01  -3.7671250e+00
   7.0000000e+00   1.7407813e-01  -3.4433750e+00
   4.0000000e+00   1.2761914e-01  -3.1504375e+00
   1.0000000e+00   1.2889648e-01  -5.2162500e-01
   3.0000000e+00   1.4435352e-01  -2.1880625e+00
   7.0000000e+00   1.6850195e-01  -3.7725625e+00
   7.0000000e+00   2.1072461e-01  -4.0576875e+00
   4.0000000e+00   3.5700391e-01  -5.1086875e+00
   5.0000000e+00   2.1798242e-01  -3.3596250e+00
   4.0000000e+00   3.2469141e-01  -4.6711250e+00
   2.0000000e+00   3.0232617e-01  -5.9131875e+00
   7.0000000e+00   2.3701172e-01  -4.2888125e+00
   4.0000000e+00   2.7167383e-01  -5.0855000e+00
   1.0000000e+00   1.4381250e-01  -2.5093750e-01
   3.0000000e+00   2.4815234e-01  -3.5175000e+00
   7.0000000e+00   2.5998047e-01  -4.9770625e+00
   7.0000000e+00   1.6880273e-01  -3.3520625e+00
   4.0000000e+00   2.2463867e-01  -4.4666250e+00
   0.0000000e+00   2.7998633e-01  -3.1631875e+00
   6.0000000e+00   2.2534180e-01  -3.9778750e+00
   3.0000000e+00   2.5181055e-01  -3.6543750e+00
   2.0000000e+00   1.6425195e-01  -2.8780625e+00
   0.0000000e+00   1.7680469e-01  -7.6268750e-01
   8.0000000e+00   1.8921094e-01  -3.3283750e+00
   6.0000000e+00   1.4176563e-01  -2.3260000e+00
   6.0000000e+00   1.6395313e-01  -2.6918750e+00
   2.0000000e+00   2.3323633e-01  -4.2458750e+00
   0.0000000e+00   4.1479102e-01  -3.7660625e+00
   8.0000000e+00   3.4156641e-01  -4.8388125e+00
   7.0000000e+00   2.2111914e-01  -4.2523125e+00
   8.0000000e+00   2.8816211e-01  -3.7532500e+00
   2.0000000e+00   2.6739844e-01  -3.4702500e+00
   0.0000000e+00   3.4409766e-01  -1.6587500e+00
   9.0000000e+00   1.7676562e-01  -2.1807500e+00
   0.0000000e+00   2.9141602e-01  -3.1306250e+00
   2.0000000e+00   2.3461914e-01  -3.3475000e+00
   2.0000000e+00   2.8325195e-01  -4.8611250e+00
   0.0000000e+00   5.7900781e-01  -2.8496250e+00
   8.0000000e+00   4.2295508e-01  -4.5832500e+00
   1.0000000e+00   1.8283984e-01  -1.0160625e+00
   2.0000000e+00   3.3435352e-01  -3.8088750e+00
   0.0000000e+00   3.9012109e-01  -2.0771250e+00
   8.0000000e+00   3.5011133e-01  -4.5961875e+00
   3.0000000e+00   3.0577539e-01  -4.2723125e+00
   3.0000000e+00   2.6988281e-01  -3.7811250e+00
   2.0000000e+00   1.9907422e-01  -3.6469375e+00
   8.0000000e+00   3.0645703e-01  -2.0820000e+00
   2.0000000e+00   1.1708789e-01  -2.7410625e+00
   2.0000000e+00   2.6368750e-01  -4.3882500e+00
   0.0000000e+00   4.2306055e-01  -3.1710625e+00
   8.0000000e+00   3.3792773e-01  -3.1846875e+00
   1.0000000e+00   1.4866406e-01  -3.1031250e-01
   4.0000000e+00   2.0427539e-01  -3.7735625e+00
   4.0000000e+00   3.2394141e-01  -4.4250625e+00
   8.0000000e+00   4.1233789e-01  -5.5705000e+00
   9.0000000e+00   2.6885156e-01  -3.6748750e+00
   8.0000000e+00   3.5138672e-01  -4.4420625e+00
   9.0000000e+00   3.7638086e-01  -6.1948750e+00
   6.0000000e+00   3.0213477e-01  -3.8927500e+00
   7.0000000e+00   2.5282812e-01  -4.8103750e+00
   6.0000000e+00   3.3438867e-01  -4.9308750e+00
   1.0000000e+00   1.3639648e-01  -3.5231250e-01
   9.0000000e+00   2.6610156e-01  -3.7638125e+00
   7.0000000e+00   2.0053906e-01  -3.7035000e+00
   0.0000000e+00   4.2260938e-01  -4.7611250e+00
   8.0000000e+00   2.4904883e-01  -4.0290625e+00
   0.0000000e+00   3.1656641e-01  -2.7206875e+00
   4.0000000e+00   2.5138281e-01  -4.9932500e+00
   6.0000000e+00   2.0269141e-01  -3.6675625e+00
   8.0000000e+00   2.6214258e-01  -4.1001250e+00
   0.0000000e+00   3.1361914e-01  -3.7842500e+00
   0.0000000e+00   3.0116602e-01  -3.4548750e+00
   3.0000000e+00   3.3696094e-01  -4.6469375e+00
   0.0000000e+00   2.9473242e-01  -3.0530000e+00
   8.0000000e+00   2.7826172e-01  -4.4676875e+00
   0.0000000e+00   4.2530273e-01  -3.6656875e+00
   9.0000000e+00   1.8578320e-01  -3.4355625e+00
   0.0000000e+00   4.1161914e-01  -3.4816875e+00
   3.0000000e+00   2.6391211e-01  -4.6297500e+00
   8.0000000e+00   3.3248828e-01  -2.5020000e+00
   0.0000000e+00   4.7179688e-01  -4.2638750e+00
   1.0000000e+00   1.3327539e-01  -8.5250000e-01
   2.0000000e+00   3.0964648e-01  -4.9491250e+00
   2.0000000e+00   2.9937891e-01  -5.5686875e+00
   9.0000000e+00   3.1595508e-01  -5.7154375e+00
   0.0000000e+00   3.9529102e-01  -4.5643750e+00
   6.0000000e+00   2.5022266e-01  -4.7342500e+00
   6.0000000e+00   2.1973828e-01  -3.8607500e+00
   5.0000000e+00   3.0400000e-01  -4.2009375e+00
   9.0000000e+00   3.9480078e-01  -5.1758125e+00
   2.0000000e+00   4.0496289e-01  -6.0150625e+00
   0.0000000e+00   3.9301562e-01  -4.5141875e+00
   9.0000000e+00   2.9694531e-01  -3.1875000e+00
   1.0000000e+00   1.7012500e-01  -8.2368750e-01
   4.0000000e+00   3.1182031e-01  -5.1158750e+00
   1.0000000e+00   1.6058398e-01  -5.1468750e-01
   2.0000000e+00   3.1347070e-01  -3.9344375e+00
   7.0000000e+00   3.4709570e-01  -5.9652500e+00
   1.0000000e+00   1.8338477e-01  -1.7868125e+00
   0.0000000e+00   4.5131445e-01  -4.8573125e+00
   9.0000000e+00   1.7400391e-01  -2.9640000e+00
   0.0000000e+00   3.9408398e-01  -5.8528125e+00
   8.0000000e+00   3.6280664e-01  -5.8456875e+00
   0.0000000e+00   4.5438281e-01  -2.7116250e+00
   7.0000000e+00   1.8037891e-01  -3.9682500e+00
   9.0000000e+00   1.5353516e-01  -2.9208125e+00
   1.0000000e+00   1.8854883e-01  -1.3817500e+00
   3.0000000e+00   3.4718164e-01  -5.0629375e+00
   0.0000000e+00   3.8668359e-01  -2.8516875e+00
   4.0000000e+00   2.1601367e-01  -2.9423125e+00
   4.0000000e+00   2.7704883e-01  -4.8126250e+00
   3.0000000e+00   3.7859570e-01  -3.9821250e+00
   5.0000000e+00   3.3870313e-01  -4.6759375e+00
   1.0000000e+00   1.4189258e-01  -6.1606250e-01
   6.0000000e+00   2.5520508e-01  -4.9750000e+00
   8.0000000e+00   3.5701172e-01  -4.0114375e+00
   5.0000000e+00   3.6472656e-01  -5.2707500e+00
   4.0000000e+00   2.9733594e-01  -3.1036250e+00
   4.0000000e+00   2.0225391e-01  -2.3948125e+00
   6.0000000e+00   2.8122070e-01  -4.0573750e+00
   8.0000000e+00   3.3430859e-01  -3.2810625e+00
   4.0000000e+00   2.5219727e-01  -3.6582500e+00
   4.0000000e+00   3.2179492e-01  -4.5561875e+00
   8.0000000e+00   2.9611523e-01  -5.2068125e+00
   6.0000000e+00   2.5332422e-01  -3.5625625e+00
   4.0000000e+00   3.2887109e-01  -4.5838750e+00
   0.0000000e+00   5.0985352e-01  -2.2840000e+00
   2.0000000e+00   3.2455469e-01  -6.3529375e+00
   3.0000000e+00   3.1819336e-01  -4.4787500e+00
   9.0000000e+00   2.5239062e-01  -3.4129375e+00
   8.0000000e+00   3.2277539e-01  -3.7033125e+00
   6.0000000e+00   2.5852344e-01  -4.7458750e+00
   8.0000000e+00   3.3418555e-01  -2.9563750e+00
   9.0000000e+00   3.0691406e-01  -4.4438125e+00
   3.0000000e+00   3.6934766e-01  -3.1859375e+00
   5.0000000e+00   3.2936523e-01  -4.9815000e+00
   6.0000000e+00   2.8472852e-01  -5.4161875e+00
   8.0000000e+00   1.6690234e-01  -2.8409375e+00
   0.0000000e+00   3.8643750e-01  -1.5735000e+00
   2.0000000e+00   2.7851172e-01  -5.1588125e+00
   2.0000000e+00   1.6137500e-01  -3.1418750e+00
   6.0000000e+00   2.8683789e-01  -4.4883125e+00
   8.0000000e+00   3.3725781e-01  -3.8690000e+00
   4.0000000e+00   4.1665430e-01  -6.3202500e+00
   1.0000000e+00   2.2682812e-01  -9.9006250e-01
   0.0000000e+00   5.2532227e-01  -2.8126875e+00
   2.0000000e+00   3.0006445e-01  -4.9890000e+00
   7.0000000e+00   1.8958984e-01  -3.7131875e+00
   1.0000000e+00   1.4505859e-01  -5.8693750e-01
   0.0000000e+00   4.5753516e-01  -3.1154375e+00
   2.0000000e+00   2.5207813e-01  -5.3381250e+00
   2.0000000e+00   2.4014258e-01  -2.9931875e+00
   7.0000000e+00   2.1730273e-01  -4.0586250e+00
   1.0000000e+00   1.7768945e-01  -8.3631250e-01
   0.0000000e+00   3.8893750e-01  -3.2738125e+00
   9.0000000e+00   1.5851172e-01  -2.7333750e+00
   2.0000000e+00   3.9188867e-01  -5.9671875e+00
   7.0000000e+00   3.6164258e-01  -5.9445000e+00
   0.0000000e+00   4.6608398e-01  -2.9148750e+00
   4.0000000e+00   2.1068945e-01  -3.2078750e+00
   8.0000000e+00   2.5451758e-01  -1.7416875e+00
   0.0000000e+00   3.0149805e-01  -3.2504375e+00
   8.0000000e+00   3.0048633e-01  -3.5057500e+00
   7.0000000e+00   2.0309570e-01  -3.4150625e+00
   2.0000000e+00   2.0572852e-01  -3.8619375e+00
   7.0000000e+00   1.2221289e-01  -1.8960000e+00
   1.0000000e+00   9.3220703e-02  -5.6231250e-01
   3.0000000e+00   2.0792578e-01  -2.2953125e+00
   2.0000000e+00   3.4291211e-01  -6.4613750e+00
   7.0000000e+00   2.1591406e-01  -3.9631250e+00
   3.0000000e+00   3.3440625e-01  -3.9676875e+00
   2.0000000e+00   3.1355664e-01  -4.3781875e+00
   2.0000000e+00   1.6754883e-01  -3.0082500e+00
   2.0000000e+00   2.1959570e-01  -4.1358125e+00
   7.0000000e+00   1.4884961e-01  -3.0370000e+00
   1.0000000e+00   1.4093750e-01  -6.8543750e-01
   0.0000000e+00   2.8036523e-01  -3.4147500e+00
   2.0000000e+00   1.5616016e-01  -3.1676875e+00
   2.0000000e+00   1.6002539e-01  -2.4193750e+00
   8.0000000e+00   2.4953906e-01  -2.5758125e+00
   5.0000000e+00   1.9998828e-01  -4.3165625e+00
   4.0000000e+00   1.3074219e-01  -1.6263125e+00
   2.0000000e+00   1.9980273e-01  -2.6626875e+00
   2.0000000e+00   2.8785156e-01  -4.1078750e+00
   7.0000000e+00   2.4633398e-01  -4.1683125e+00
   8.0000000e+00   2.7072070e-01  -4.2679375e+00
   7.0000000e+00   1.9739063e-01  -3.8541875e+00
   0.0000000e+00   3.1999023e-01  -3.4375000e+00
   2.0000000e+00   1.9296680e-01  -3.8806875e+00
   7.0000000e+00   1.2535156e-01  -2.5491875e+00
   1.0000000e+00   1.3277930e-01  -6.3731250e-01
   0.0000000e+00   3.1866406e-01  -3.0818750e+00
   2.0000000e+00   1.7541602e-01  -3.6166875e+00
   6.0000000e+00   2.5545898e-01  -3.3671250e+00
   0.0000000e+00   3.9345312e-01  -2.2276250e+00
   2.0000000e+00   3.4135156e-01  -3.9849375e+00
   7.0000000e+00   2.1030664e-01  -3.8050625e+00
   6.0000000e+00   3.4923437e-01  -6.0088750e+00
   0.0000000e+00   5.1370117e-01  -4.1126250e+00
   8.0000000e+00   3.7868359e-01  -4.4215000e+00
   2.0000000e+00   2.9270117e-01  -3.2854375e+00
   7.0000000e+00   2.1387305e-01  -4.0073125e+00
   1.0000000e+00   1.5301367e-01  -3.8631250e-01
   1.0000000e+00   1.3911328e-01  -4.2825000e-01
   0.0000000e+00   2.8839453e-01  -3.6826250e+00
   1.0000000e+00   1.2841992e-01  -3.1262500e-01
   7.0000000e+00   1.7422656e-01  -3.5231875e+00
   7.0000000e+00   2.1604492e-01  -4.5743125e+00
   6.0000000e+00   2.4427539e-01  -4.5516875e+00
   4.0000000e+00   1.5451758e-01  -3.6171250e+00
   4.0000000e+00   2.0004297e-01  -3.9770000e+00
   6.0000000e+00   1.7282227e-01  -3.0387500e+00
   2.0000000e+00   2.6468555e-01  -4.5948750e+00
   9.0000000e+00   1.6155273e-01  -2.7728750e+00
   1.0000000e+00   1.3370312e-01  -8.2068750e-01
   1.0000000e+00   1.9053711e-01  -8.1400000e-01
   9.0000000e+00   3.1669531e-01  -5.9090625e+00
   0.0000000e+00   4.2789844e-01  -4.0163125e+00
   3.0000000e+00   3.6500586e-01  -4.0619375e+00
   1.0000000e+00   2.2575000e-01  -9.6693750e-01
   1.0000000e+00   1.0354883e-01  -8.7043750e-01
   8.0000000e+00   2.2776367e-01  -2.7851250e+00
   1.0000000e+00   1.3164844e-01  -6.7468750e-01
   0.0000000e+00   2.7570508e-01  -1.7501875e+00
   3.0000000e+00   2.9884375e-01  -5.1612500e+00
   1.0000000e+00   1.4570117e-01  -6.7231250e-01
   6.0000000e+00   2.3999219e-01  -3.8719375e+00
   1.0000000e+00   1.7437305e-01  -1.1169375e+00
   1.0000000e+00   1.4452539e-01  -3.0100000e-01
   7.0000000e+00   1.8840039e-01  -3.8326250e+00
   5.0000000e+00   2.5895117e-01  -4.7979375e+00
   5.0000000e+00   2.4378906e-01  -4.7823125e+00
   3.0000000e+00   2.8484570e-01  -4.2438125e+00
   6.0000000e+00   2.5048242e-01  -4.5956250e+00
   5.0000000e+00   2.9211523e-01  -5.5613125e+00
   0.0000000e+00   2.7545117e-01  -3.1808750e+00
   6.0000000e+00   2.4038672e-01  -3.3532500e+00
   8.0000000e+00   3.3098047e-01  -2.8483125e+00
   8.0000000e+00   3.9789844e-01  -2.9333125e+00
   0.0000000e+00   2.2340820e-01  -2.4653750e+00
   0.0000000e+00   2.8710156e-01  -3.6726875e+00
   0.0000000e+00   2.9000391e-01  -4.1242500e+00
   1.0000000e+00   1.3310156e-01  -8.9906250e-01
   4.0000000e+00   1.6800391e-01  -4.0455000e+00
   9.0000000e+00   1.9798242e-01  -3.7665000e+00
   5.0000000e+00   1.8447266e-01  -3.4746250e+00
   7.0000000e+00   1.9091211e-01  -3.9148125e+00
   0.0000000e+00   3.1611523e-01  -3.3186250e+00
   0.0000000e+00   3.3362305e-01  -3.6603750e+00
   0.0000000e+00   3.4348047e-01  -2.2827500e+00
   1.0000000e+00   1.0353711e-01  -3.2425000e-01
   6.0000000e+00   2.0749805e-01  -4.2295000e+00
   0.0000000e+00   4.0778125e-01  -2.2558125e+00
   1.0000000e+00   1.1791602e-01  -9.2812500e-01
   9.0000000e+00   2.8531250e-01  -5.6540625e+00
   8.0000000e+00   3.1657031e-01  -3.5923750e+00
   6.0000000e+00   2.5561523e-01  -4.5001250e+00
   0.0000000e+00   3.1162891e-01  -3.9908125e+00
   1.0000000e+00   1.5707422e-01  -3.7993750e-01
   9.0000000e+00   1.0989844e-01  -1.7845000e+00
   8.0000000e+00   2.1885156e-01  -1.7906875e+00
   6.0000000e+00   2.3658008e-01  -4.7507500e+00
   8.0000000e+00   3.1800195e-01  -2.7066875e+00
   0.0000000e+00   4.9688477e-01  -3.0741875e+00
   0.0000000e+00   4.4555664e-01  -2.8524375e+00
   9.0000000e+00   1.9408008e-01  -3.9277500e+00
   6.0000000e+00   1.8142773e-01  -3.9186250e+00
   8.0000000e+00   1.9188281e-01  -2.0279375e+00
   5.0000000e+00   2.0691602e-01  -3.7467500e+00